cm_gain = -6.79434e+01
cmrr = 6.794342e+01
dcpsrp = -4.77184e+01
dcpsrn = -9.23596e+01
dcgain_ = 4.852018e+01
