tc = 6.275337e-06
power = 1.064089e+03
vos25 = -9.28300e-04
