vout_low = 1.055685e-01
vout_high = 1.296041e+00
output_swing = 1.190473e+00
